       8       8      63
       8       8      63
       0       2       8
       0       2       8
       0       2       8
       0       2       8
       0       3      15
       8       8      63
       8       8      63
       0       3      15
       0       3      15
       0       0       0
       0       0       0
       0       0       0
       0       0       0
       0       0       0
       0       0       0
       0       0       0
       0       0       0
       0       0       0
       0       0       0
